0 0.098837 0.096899 0.197674 0.193798
0 0.297481 0.098837 0.199612 0.197674
0 0.496124 0.098837 0.201550 0.197674
0 0.700581 0.097868 0.207364 0.191860
0 0.898256 0.099806 0.195736 0.199612
0 0.100775 0.297481 0.201550 0.203488
0 0.301357 0.302326 0.199612 0.217054
0 0.500969 0.303295 0.195736 0.203488
0 0.697674 0.299419 0.201550 0.207364
0 0.898256 0.300388 0.195736 0.197674
0 0.100775 0.500000 0.201550 0.209302
0 0.299419 0.505814 0.203488 0.205426
0 0.498062 0.500000 0.205426 0.201550
0 0.695736 0.499031 0.201550 0.207364
0 0.894380 0.496124 0.207364 0.217054
0 0.103682 0.706395 0.195736 0.211240
0 0.298450 0.701550 0.197674 0.209302
0 0.500969 0.701550 0.207364 0.201550
0 0.696705 0.701550 0.199612 0.201550
0 0.897287 0.706395 0.201550 0.203488
0 0.101744 0.899225 0.203488 0.201550
0 0.302326 0.900194 0.201550 0.199612
0 0.499031 0.900194 0.207364 0.195736
0 0.703488 0.897287 0.205426 0.205426
0 0.897287 0.898256 0.197674 0.203488