0 0.036822 0.092054 0.073644 0.184108
0 0.106589 0.085271 0.069767 0.155039
0 0.176357 0.084302 0.069767 0.153101
0 0.248062 0.082364 0.077519 0.153101
0 0.321221 0.083333 0.072674 0.166666
0 0.391473 0.083333 0.073643 0.151163
0 0.462694 0.082364 0.072674 0.156977
0 0.534884 0.088178 0.073643 0.164729
0 0.605620 0.083333 0.071705 0.155039
0 0.676841 0.085271 0.078488 0.166667
0 0.750484 0.080426 0.072674 0.160853
0 0.823643 0.085271 0.071705 0.151163
0 0.891473 0.086240 0.075581 0.164729
0 0.959787 0.086240 0.078488 0.164729
0 0.036337 0.252907 0.072674 0.176357
0 0.105136 0.247093 0.072674 0.153101
0 0.176357 0.249031 0.073643 0.156977
0 0.247093 0.244186 0.075581 0.178295
0 0.321221 0.250000 0.072674 0.166667
0 0.391473 0.245155 0.071705 0.176357
0 0.463178 0.252907 0.069767 0.164729
0 0.533430 0.247093 0.072674 0.156977
0 0.608043 0.246124 0.076550 0.170543
0 0.677326 0.243217 0.073643 0.156977
0 0.749516 0.247093 0.070736 0.168605
0 0.821221 0.247093 0.074612 0.180233
0 0.892926 0.249031 0.068798 0.176357
0 0.962694 0.254845 0.074612 0.168605
0 0.035853 0.421512 0.067829 0.160853
0 0.106589 0.419574 0.071705 0.180233
0 0.176841 0.412791 0.068798 0.189922
0 0.250000 0.414729 0.077519 0.174419
0 0.321221 0.417636 0.066860 0.172481
0 0.389050 0.414729 0.072674 0.166667
0 0.464632 0.424419 0.074612 0.174419
0 0.536337 0.411822 0.070736 0.164729
0 0.606589 0.412791 0.073643 0.166667
0 0.680233 0.415698 0.069767 0.160853
0 0.750000 0.416667 0.067829 0.174419
0 0.820252 0.417636 0.070736 0.164729
0 0.892442 0.417636 0.069767 0.172481
0 0.963663 0.418605 0.068798 0.162791
0 0.038275 0.588178 0.072674 0.176357
0 0.106589 0.591085 0.069767 0.178295
0 0.178295 0.582364 0.073643 0.168605
0 0.249516 0.589147 0.070736 0.178295
0 0.320252 0.581395 0.070736 0.170543
0 0.390019 0.589147 0.074612 0.186047
0 0.463663 0.583333 0.074612 0.162791
0 0.535853 0.585271 0.071705 0.182171
0 0.608043 0.586240 0.072674 0.164729
0 0.681202 0.582364 0.067829 0.184109
0 0.750484 0.579457 0.076550 0.174419
0 0.822674 0.585271 0.073643 0.178295
0 0.889535 0.580426 0.069767 0.172481
0 0.962209 0.583333 0.073643 0.174419
0 0.037306 0.744186 0.062984 0.158915
0 0.105620 0.753876 0.071705 0.158915
0 0.175388 0.750000 0.073643 0.174419
0 0.249516 0.758721 0.068798 0.176357
0 0.319283 0.750969 0.070736 0.172481
0 0.460271 0.751938 0.073643 0.178295
0 0.534884 0.750969 0.073643 0.184109
0 0.603198 0.743217 0.076550 0.172481
0 0.677810 0.748062 0.074612 0.162791
0 0.749516 0.756783 0.078488 0.172481
0 0.821705 0.747093 0.075581 0.153101
0 0.894864 0.745155 0.068798 0.168605
0 0.964147 0.759690 0.071705 0.174419
0 0.035368 0.910853 0.070736 0.178295
0 0.106105 0.913760 0.072674 0.172481
0 0.178295 0.918605 0.073643 0.162791
0 0.247578 0.917636 0.070736 0.164729
0 0.319767 0.912791 0.077519 0.174419
0 0.391473 0.918605 0.073643 0.162791
0 0.392442 0.745155 0.073643 0.168605
0 0.465116 0.917636 0.073643 0.164729
0 0.537791 0.914729 0.069767 0.170543
0 0.606105 0.909884 0.074612 0.176357
0 0.675872 0.914729 0.072674 0.166667
0 0.748547 0.917636 0.072674 0.164729
0 0.822190 0.910853 0.072674 0.178295
0 0.893411 0.914729 0.067829 0.162791
0 0.964632 0.921512 0.070736 0.156977