0 0.151285 0.285768 0.090765 0.193994
0 0.247425 0.346524 0.087182 0.174807
0 0.336399 0.311349 0.088377 0.215312
0 0.428955 0.274043 0.099125 0.255816
0 0.522706 0.282570 0.078822 0.204653
0 0.610486 0.284702 0.077628 0.127908
0 0.669603 0.379567 0.057325 0.172676
0 0.727525 0.295361 0.077628 0.144962
0 0.821873 0.282570 0.084794 0.187598
0 0.898904 0.448850 0.085988 0.213180
0 0.070671 0.428598 0.096737 0.206784
0 0.155465 0.447784 0.089571 0.223839
0 0.263548 0.559704 0.138536 0.264343
0 0.397307 0.504277 0.095542 0.255816
0 0.499418 0.492552 0.118234 0.257948
0 0.614666 0.433928 0.081211 0.213180
0 0.772908 0.492552 0.111068 0.232366